4,14095202554284 0,0432104040634109 1,19638937578373 1,76076302092882 1,71353289100049 0,11751020446786 3,5314320795131 1,92603063635349 -0,469135260048685 -0,598413460357866 0,338776681861831 -3,08290126448542 1,33463907779386 -1,00344326869559 -1,26070713990904 0,205278929025598 0,874826582411988 3,70476582829215 0,072457483254848 -2,17149026152472 2,04049560945719 2,63783975197107 
0,641305083208051 -0,277988422359314 0,882135467537642 2,2294150082953 2,36178884020704 0,782550025570098 3,3138327768058 -3,27375705350653 -0,342381946498374 3,35080888707751 3,86242502850134 -2,76773892457424 1,65376636158616 0,204594794981067 0,435552594932611 0,86893270041226 3,7357606526592 -2,83970646043028 -0,408938852413379 -0,494870438538183 -0,633132340696453 3,15064998603457 
-4,68569225504318 1,19380084083397 -1,07576458043441 -4,79018960243552 2,60097107935228 -0,0655663997931677 3,93113113529697 1,64429304940243 -0,414972043260938 0,166429941072756 -4,92429052777125 1,76028710067078 2,60922099027379 -0,503774389525629 -0,186471276494609 -0,619125080976405 1,10757011248885 -1,63996734075625 0,97652574231138 0,671816254450449 4,61689032774781 0,661140916018241 
2,35857279996885 2,27101506310119 0,727906270463911 -1,40847654919617 0,988295016078356 -0,508512098896693 -1,0036787901678 -1,64478442186331 -0,712515308542259 -1,41559469885278 0,935541000642285 -2,61292243063307 0,145826708645748 -0,255813942972414 -0,54222622348627 -0,440969405725961 -0,746357545781419 3,88207480108722 1,32114698971909 -0,394559577498628 -2,15409919853881 -3,65105864629107 
2,11200154039374 0,989828889070816 0,909902664170478 -5,15897948442637 1,94707557900999 -0,615350429632998 0,834875099892541 -3,07373149533847 -1,23992709819432 -4,96431422650507 -1,62226958722249 -2,51575529919275 0,249576834552921 -0,399290640685549 -0,848962910289 -0,673556521787295 -2,25390479875299 5,58183459868151 0,930646583814244 -0,914298277504456 -3,70724546882348 -0,882287809830875 
2,17217828671248 -0,396328770184897 2,89636229251975 -2,92251969588709 -0,929063672517577 0,690274692151141 -1,26751782481458 -1,09701282068605 0,0965029409566726 -2,38544059220065 7,30194811175427 7,34352684296692 0,40872773165141 0,70096293745515 0,4852347062371 0,363747540007401 3,16464766122181 2,40574714622143 -0,323327161130867 -0,951614535981694 2,84629045257238 3,10726464654003 
4,44355086173579 1,9897203009489 0,880585772843093 -1,78071385600733 -0,812505942923044 0,0121513234101831 -0,013881146983662 -0,898119287392167 0,262757941397715 0,0232535298204723 4,58545542301364 -0,323264714996218 1,73964396653877 0,218534805935401 0,942485291501877 0,00197090351412305 -0,883288026308757 3,20045994803028 1,61836005011018 -1,226237120941 -0,995222049861788 0,149586114741171 
0,917200482009147 0,263748716653474 -0,754081391907686 -2,88497569078239 2,13288784824427 -0,358002998801484 1,57211139726647 -1,980899366967 -0,202252833974094 -3,1384436550047 2,98590884020689 9,47101105475473 -1,68617765587686 -0,892979185685552 -1,32701893325642 -0,605227362074073 -1,09409972576993 -2,59346215955488 0,180203235078171 -0,877750395078023 4,41587906501124 1,45057973129184 
0,695658560980314 2,1318851480124 -0,50180316607753 -0,604505188248189 -0,439939517232472 -1,30556249065705 -2,22821174037446 1,09425133692432 -0,858137590712413 -5,31127574661694 2,17993668597399 -0,504729783318459 -0,269247913714199 -0,624514515629476 -0,0469886266797075 -0,642241536461212 1,21062255705689 -2,68161556411723 1,48273520579699 -1,44287977331895 -1,11671062813013 -2,86287741361796 
0,267600804978661 1,78659747094723 -1,54883313561675 5,36413243956071 1,83900285608895 0,249846048214497 3,34268254198708 0,991867029966792 -0,728813343454704 3,32185528237048 1,29321426019732 1,66885178840612 2,80880024375093 0,218509781258452 0,514767768837391 -0,714917836892715 -2,7983380880707 5,12728776669826 1,79667103666017 1,33350516337773 2,29389548760225 1,3329181366685 
-2,25802264270076 1,94673845920115 -2,24729630603825 -0,156316764334909 -0,0502019116239331 -1,38299096842902 0,655543019153648 -3,98288241715406 -0,212534800234743 2,12071333290659 -4,49891789279509 0,416941700580359 -0,711176324397092 -0,661741610870736 -0,588404885046008 -0,748586466708227 -2,45199237746107 -3,20804230112825 1,01711921039201 -0,738981599545399 4,92006895200344 -2,16761425310434 

2,05181606870314 
-3,96236646601881 
1,19563289943787 
-6,10473175835109 
-2,57501997491289 
-0,404619296508445 
-4,42040114993174 
-4,71019611065035 
-0,641083269891913 
-6,69028509260083 
2,29246092039254 
3,3955374221887 
-2,1354048587015 
-0,725648393713711 
-0,888382209132734 
0,231641754838976 
3,26980606177373 
3,9389101262892 
-2,87448692903254 
-2,37603482830189 
6,90881062168806 
2,34278825550625 

